{
 "cells": [
  {
   "cell_type": "code",
   "execution_count": 1,
   "id": "44e8aa0c",
   "metadata": {},
   "outputs": [],
   "source": [
    "import pandas as pd\n",
    "import duckdb"
   ]
  },
  {
   "cell_type": "markdown",
   "id": "33eb7d85",
   "metadata": {},
   "source": [
    "## data"
   ]
  },
  {
   "cell_type": "code",
   "execution_count": 2,
   "id": "8f9ee78b",
   "metadata": {},
   "outputs": [
    {
     "data": {
      "text/html": [
       "<div>\n",
       "<style scoped>\n",
       "    .dataframe tbody tr th:only-of-type {\n",
       "        vertical-align: middle;\n",
       "    }\n",
       "\n",
       "    .dataframe tbody tr th {\n",
       "        vertical-align: top;\n",
       "    }\n",
       "\n",
       "    .dataframe thead th {\n",
       "        text-align: right;\n",
       "    }\n",
       "</style>\n",
       "<table border=\"1\" class=\"dataframe\">\n",
       "  <thead>\n",
       "    <tr style=\"text-align: right;\">\n",
       "      <th></th>\n",
       "      <th>region</th>\n",
       "      <th>departement</th>\n",
       "      <th>year</th>\n",
       "      <th>population</th>\n",
       "    </tr>\n",
       "  </thead>\n",
       "  <tbody>\n",
       "    <tr>\n",
       "      <th>60</th>\n",
       "      <td>HDF</td>\n",
       "      <td>59</td>\n",
       "      <td>2016</td>\n",
       "      <td>2603723</td>\n",
       "    </tr>\n",
       "    <tr>\n",
       "      <th>63</th>\n",
       "      <td>HDF</td>\n",
       "      <td>62</td>\n",
       "      <td>2016</td>\n",
       "      <td>1470725</td>\n",
       "    </tr>\n",
       "    <tr>\n",
       "      <th>76</th>\n",
       "      <td>IDF</td>\n",
       "      <td>75</td>\n",
       "      <td>2016</td>\n",
       "      <td>2190327</td>\n",
       "    </tr>\n",
       "    <tr>\n",
       "      <th>84</th>\n",
       "      <td>PACA</td>\n",
       "      <td>83</td>\n",
       "      <td>2016</td>\n",
       "      <td>1055821</td>\n",
       "    </tr>\n",
       "    <tr>\n",
       "      <th>85</th>\n",
       "      <td>PACA</td>\n",
       "      <td>84</td>\n",
       "      <td>2016</td>\n",
       "      <td>559014</td>\n",
       "    </tr>\n",
       "  </tbody>\n",
       "</table>\n",
       "</div>"
      ],
      "text/plain": [
       "   region departement  year population\n",
       "60    HDF          59  2016    2603723\n",
       "63    HDF          62  2016    1470725\n",
       "76    IDF          75  2016    2190327\n",
       "84   PACA          83  2016    1055821\n",
       "85   PACA          84  2016     559014"
      ]
     },
     "execution_count": 2,
     "metadata": {},
     "output_type": "execute_result"
    }
   ],
   "source": [
    "dpt_to_region_mapping = {\n",
    "    \"59\":\"HDF\",\n",
    "    \"62\":\"HDF\",\n",
    "    \"75\":\"IDF\",\n",
    "    \"95\":\"IDF\",\n",
    "    \"83\":\"PACA\",\n",
    "    \"84\":\"PACA\",\n",
    "}\n",
    "\n",
    "dpts_dfs = []\n",
    "for year in range(2016,2022):\n",
    "    # https://www.insee.fr/fr/statistiques/1893198\n",
    "    df = pd.read_excel(\"data/estim-pop-dep-sexe-gca-1975-2023.xls\", str(year), skiprows=3)\n",
    "    subset = df[df[\"Départements\"].isin([\"59\", \"62\", \"75\", \"95\", \"83\", \"84\"])][[\"Départements\", \"Unnamed: 7\"]]\n",
    "    subset[\"year\"] = year\n",
    "    dpts_dfs.append(subset)\n",
    "\n",
    "dpts_dfs = pd.concat(dpts_dfs)\n",
    "dpts_dfs.columns = [\"departement\", \"population\", \"year\"]\n",
    "dpts_dfs[\"region\"] = dpts_dfs[\"departement\"].apply(lambda x: dpt_to_region_mapping.get(x))\n",
    "dpts_dfs = dpts_dfs[[\"region\", \"departement\", \"year\", \"population\"]]\n",
    "dpts_dfs.head()"
   ]
  },
  {
   "cell_type": "markdown",
   "id": "fca945f6",
   "metadata": {},
   "source": [
    "## Exercice"
   ]
  },
  {
   "cell_type": "markdown",
   "id": "01b80086",
   "metadata": {},
   "source": [
    "Exercice: Utilisez une agrégation couplée avec un FILTER <br />\n",
    "pour avoir, <b>pour chaque année</b>, la population de la region IDF <br />\n",
    "en face du total pour calculer la part de la pop IDF sur le total"
   ]
  },
  {
   "cell_type": "code",
   "execution_count": 9,
   "id": "79ebd8e5",
   "metadata": {},
   "outputs": [
    {
     "data": {
      "text/html": [
       "<div>\n",
       "<style scoped>\n",
       "    .dataframe tbody tr th:only-of-type {\n",
       "        vertical-align: middle;\n",
       "    }\n",
       "\n",
       "    .dataframe tbody tr th {\n",
       "        vertical-align: top;\n",
       "    }\n",
       "\n",
       "    .dataframe thead th {\n",
       "        text-align: right;\n",
       "    }\n",
       "</style>\n",
       "<table border=\"1\" class=\"dataframe\">\n",
       "  <thead>\n",
       "    <tr style=\"text-align: right;\">\n",
       "      <th></th>\n",
       "      <th>year</th>\n",
       "      <th>population_IDF</th>\n",
       "      <th>sum(population)</th>\n",
       "      <th>IDF_perct</th>\n",
       "    </tr>\n",
       "  </thead>\n",
       "  <tbody>\n",
       "    <tr>\n",
       "      <th>0</th>\n",
       "      <td>2021</td>\n",
       "      <td>3389621.0</td>\n",
       "      <td>9113121.0</td>\n",
       "      <td>0.371950</td>\n",
       "    </tr>\n",
       "    <tr>\n",
       "      <th>1</th>\n",
       "      <td>2018</td>\n",
       "      <td>3414182.0</td>\n",
       "      <td>9114649.0</td>\n",
       "      <td>0.374582</td>\n",
       "    </tr>\n",
       "    <tr>\n",
       "      <th>2</th>\n",
       "      <td>2020</td>\n",
       "      <td>3397710.0</td>\n",
       "      <td>9114753.0</td>\n",
       "      <td>0.372770</td>\n",
       "    </tr>\n",
       "    <tr>\n",
       "      <th>3</th>\n",
       "      <td>2017</td>\n",
       "      <td>3416144.0</td>\n",
       "      <td>9106742.0</td>\n",
       "      <td>0.375123</td>\n",
       "    </tr>\n",
       "    <tr>\n",
       "      <th>4</th>\n",
       "      <td>2019</td>\n",
       "      <td>3415097.0</td>\n",
       "      <td>9126901.0</td>\n",
       "      <td>0.374179</td>\n",
       "    </tr>\n",
       "    <tr>\n",
       "      <th>5</th>\n",
       "      <td>2016</td>\n",
       "      <td>3412250.0</td>\n",
       "      <td>9101533.0</td>\n",
       "      <td>0.374909</td>\n",
       "    </tr>\n",
       "  </tbody>\n",
       "</table>\n",
       "</div>"
      ],
      "text/plain": [
       "   year  population_IDF  sum(population)  IDF_perct\n",
       "0  2021       3389621.0        9113121.0   0.371950\n",
       "1  2018       3414182.0        9114649.0   0.374582\n",
       "2  2020       3397710.0        9114753.0   0.372770\n",
       "3  2017       3416144.0        9106742.0   0.375123\n",
       "4  2019       3415097.0        9126901.0   0.374179\n",
       "5  2016       3412250.0        9101533.0   0.374909"
      ]
     },
     "execution_count": 9,
     "metadata": {},
     "output_type": "execute_result"
    }
   ],
   "source": [
    "query = \"\"\"\n",
    "SELECT\n",
    "    year,\n",
    "    sum(population) FILTER (where region = 'IDF') AS population_IDF,\n",
    "    sum(population),\n",
    "    sum(population) FILTER (where region = 'IDF') / sum(population) AS IDF_perct\n",
    "FROM dpts_dfs\n",
    "GROUP BY year\n",
    "\n",
    "\"\"\"\n",
    "duckdb.sql(query).df()"
   ]
  },
  {
   "cell_type": "code",
   "execution_count": null,
   "id": "3a82aee0",
   "metadata": {},
   "outputs": [],
   "source": []
  },
  {
   "cell_type": "code",
   "execution_count": 26,
   "id": "593b0764",
   "metadata": {},
   "outputs": [
    {
     "data": {
      "text/html": [
       "<div>\n",
       "<style scoped>\n",
       "    .dataframe tbody tr th:only-of-type {\n",
       "        vertical-align: middle;\n",
       "    }\n",
       "\n",
       "    .dataframe tbody tr th {\n",
       "        vertical-align: top;\n",
       "    }\n",
       "\n",
       "    .dataframe thead th {\n",
       "        text-align: right;\n",
       "    }\n",
       "</style>\n",
       "<table border=\"1\" class=\"dataframe\">\n",
       "  <thead>\n",
       "    <tr style=\"text-align: right;\">\n",
       "      <th></th>\n",
       "      <th>year</th>\n",
       "      <th>IDF</th>\n",
       "      <th>total_pop</th>\n",
       "      <th>(IDF / total_pop)</th>\n",
       "    </tr>\n",
       "  </thead>\n",
       "  <tbody>\n",
       "    <tr>\n",
       "      <th>0</th>\n",
       "      <td>2020</td>\n",
       "      <td>3397710.0</td>\n",
       "      <td>9114753.0</td>\n",
       "      <td>0.372770</td>\n",
       "    </tr>\n",
       "    <tr>\n",
       "      <th>1</th>\n",
       "      <td>2016</td>\n",
       "      <td>3412250.0</td>\n",
       "      <td>9101533.0</td>\n",
       "      <td>0.374909</td>\n",
       "    </tr>\n",
       "    <tr>\n",
       "      <th>2</th>\n",
       "      <td>2018</td>\n",
       "      <td>3414182.0</td>\n",
       "      <td>9114649.0</td>\n",
       "      <td>0.374582</td>\n",
       "    </tr>\n",
       "    <tr>\n",
       "      <th>3</th>\n",
       "      <td>2021</td>\n",
       "      <td>3389621.0</td>\n",
       "      <td>9113121.0</td>\n",
       "      <td>0.371950</td>\n",
       "    </tr>\n",
       "    <tr>\n",
       "      <th>4</th>\n",
       "      <td>2017</td>\n",
       "      <td>3416144.0</td>\n",
       "      <td>9106742.0</td>\n",
       "      <td>0.375123</td>\n",
       "    </tr>\n",
       "    <tr>\n",
       "      <th>5</th>\n",
       "      <td>2019</td>\n",
       "      <td>3415097.0</td>\n",
       "      <td>9126901.0</td>\n",
       "      <td>0.374179</td>\n",
       "    </tr>\n",
       "  </tbody>\n",
       "</table>\n",
       "</div>"
      ],
      "text/plain": [
       "   year        IDF  total_pop  (IDF / total_pop)\n",
       "0  2020  3397710.0  9114753.0           0.372770\n",
       "1  2016  3412250.0  9101533.0           0.374909\n",
       "2  2018  3414182.0  9114649.0           0.374582\n",
       "3  2021  3389621.0  9113121.0           0.371950\n",
       "4  2017  3416144.0  9106742.0           0.375123\n",
       "5  2019  3415097.0  9126901.0           0.374179"
      ]
     },
     "execution_count": 26,
     "metadata": {},
     "output_type": "execute_result"
    }
   ],
   "source": [
    "# %load solutions/5pop_filter.py\n",
    "query = \"\"\"\n",
    "SELECT \n",
    "year,\n",
    "SUM(population) FILTER(WHERE region = 'IDF') as 'IDF', \n",
    "SUM(population) AS total_pop,\n",
    "IDF / total_pop,\n",
    "FROM dpts_dfs\n",
    "GROUP BY \"year\"\n",
    "\"\"\"\n",
    "duckdb.sql(query).df()\n"
   ]
  },
  {
   "cell_type": "code",
   "execution_count": null,
   "id": "2d9509b3",
   "metadata": {},
   "outputs": [],
   "source": []
  },
  {
   "cell_type": "code",
   "execution_count": null,
   "id": "2d7921e0",
   "metadata": {},
   "outputs": [],
   "source": []
  },
  {
   "cell_type": "code",
   "execution_count": null,
   "id": "77200ae0",
   "metadata": {},
   "outputs": [],
   "source": []
  },
  {
   "cell_type": "code",
   "execution_count": null,
   "id": "7f2bc6b2",
   "metadata": {},
   "outputs": [],
   "source": []
  },
  {
   "cell_type": "markdown",
   "id": "018399ea",
   "metadata": {},
   "source": [
    "Exercice: faites la même chose avec un CASE WHEN"
   ]
  },
  {
   "cell_type": "code",
   "execution_count": 27,
   "id": "e6920d5d",
   "metadata": {},
   "outputs": [
    {
     "data": {
      "text/html": [
       "<div>\n",
       "<style scoped>\n",
       "    .dataframe tbody tr th:only-of-type {\n",
       "        vertical-align: middle;\n",
       "    }\n",
       "\n",
       "    .dataframe tbody tr th {\n",
       "        vertical-align: top;\n",
       "    }\n",
       "\n",
       "    .dataframe thead th {\n",
       "        text-align: right;\n",
       "    }\n",
       "</style>\n",
       "<table border=\"1\" class=\"dataframe\">\n",
       "  <thead>\n",
       "    <tr style=\"text-align: right;\">\n",
       "      <th></th>\n",
       "      <th>year</th>\n",
       "      <th>IDF_population</th>\n",
       "      <th>total_population</th>\n",
       "      <th>IDF_ratio</th>\n",
       "    </tr>\n",
       "  </thead>\n",
       "  <tbody>\n",
       "    <tr>\n",
       "      <th>0</th>\n",
       "      <td>2016</td>\n",
       "      <td>3412250.0</td>\n",
       "      <td>9101533.0</td>\n",
       "      <td>0.374909</td>\n",
       "    </tr>\n",
       "    <tr>\n",
       "      <th>1</th>\n",
       "      <td>2020</td>\n",
       "      <td>3397710.0</td>\n",
       "      <td>9114753.0</td>\n",
       "      <td>0.372770</td>\n",
       "    </tr>\n",
       "    <tr>\n",
       "      <th>2</th>\n",
       "      <td>2021</td>\n",
       "      <td>3389621.0</td>\n",
       "      <td>9113121.0</td>\n",
       "      <td>0.371950</td>\n",
       "    </tr>\n",
       "    <tr>\n",
       "      <th>3</th>\n",
       "      <td>2018</td>\n",
       "      <td>3414182.0</td>\n",
       "      <td>9114649.0</td>\n",
       "      <td>0.374582</td>\n",
       "    </tr>\n",
       "    <tr>\n",
       "      <th>4</th>\n",
       "      <td>2017</td>\n",
       "      <td>3416144.0</td>\n",
       "      <td>9106742.0</td>\n",
       "      <td>0.375123</td>\n",
       "    </tr>\n",
       "    <tr>\n",
       "      <th>5</th>\n",
       "      <td>2019</td>\n",
       "      <td>3415097.0</td>\n",
       "      <td>9126901.0</td>\n",
       "      <td>0.374179</td>\n",
       "    </tr>\n",
       "  </tbody>\n",
       "</table>\n",
       "</div>"
      ],
      "text/plain": [
       "   year  IDF_population  total_population  IDF_ratio\n",
       "0  2016       3412250.0         9101533.0   0.374909\n",
       "1  2020       3397710.0         9114753.0   0.372770\n",
       "2  2021       3389621.0         9113121.0   0.371950\n",
       "3  2018       3414182.0         9114649.0   0.374582\n",
       "4  2017       3416144.0         9106742.0   0.375123\n",
       "5  2019       3415097.0         9126901.0   0.374179"
      ]
     },
     "execution_count": 27,
     "metadata": {},
     "output_type": "execute_result"
    }
   ],
   "source": [
    "query = \"\"\"\n",
    "SELECT \n",
    "    year,\n",
    "    SUM(CASE WHEN region = 'IDF' THEN population END) AS IDF_population,\n",
    "    SUM(population) AS total_population,\n",
    "    SUM(CASE WHEN region = 'IDF' THEN population END) / SUM(population) AS IDF_ratio\n",
    "FROM \n",
    "    dpts_dfs\n",
    "GROUP BY \n",
    "    year;\n",
    "\"\"\"\n",
    "duckdb.sql(query).df()"
   ]
  },
  {
   "cell_type": "code",
   "execution_count": 50,
   "id": "d471750e",
   "metadata": {},
   "outputs": [
    {
     "data": {
      "text/html": [
       "<div>\n",
       "<style scoped>\n",
       "    .dataframe tbody tr th:only-of-type {\n",
       "        vertical-align: middle;\n",
       "    }\n",
       "\n",
       "    .dataframe tbody tr th {\n",
       "        vertical-align: top;\n",
       "    }\n",
       "\n",
       "    .dataframe thead th {\n",
       "        text-align: right;\n",
       "    }\n",
       "</style>\n",
       "<table border=\"1\" class=\"dataframe\">\n",
       "  <thead>\n",
       "    <tr style=\"text-align: right;\">\n",
       "      <th></th>\n",
       "      <th>year</th>\n",
       "      <th>region</th>\n",
       "      <th>region_pop</th>\n",
       "      <th>total_population</th>\n",
       "      <th>region_ratio</th>\n",
       "    </tr>\n",
       "  </thead>\n",
       "  <tbody>\n",
       "    <tr>\n",
       "      <th>0</th>\n",
       "      <td>2016</td>\n",
       "      <td>HDF</td>\n",
       "      <td>4074448.0</td>\n",
       "      <td>9101533.0</td>\n",
       "      <td>0.447666</td>\n",
       "    </tr>\n",
       "    <tr>\n",
       "      <th>1</th>\n",
       "      <td>2016</td>\n",
       "      <td>IDF</td>\n",
       "      <td>3412250.0</td>\n",
       "      <td>9101533.0</td>\n",
       "      <td>0.374909</td>\n",
       "    </tr>\n",
       "    <tr>\n",
       "      <th>2</th>\n",
       "      <td>2016</td>\n",
       "      <td>PACA</td>\n",
       "      <td>1614835.0</td>\n",
       "      <td>9101533.0</td>\n",
       "      <td>0.177425</td>\n",
       "    </tr>\n",
       "    <tr>\n",
       "      <th>3</th>\n",
       "      <td>2017</td>\n",
       "      <td>HDF</td>\n",
       "      <td>4072379.0</td>\n",
       "      <td>9106742.0</td>\n",
       "      <td>0.447183</td>\n",
       "    </tr>\n",
       "    <tr>\n",
       "      <th>4</th>\n",
       "      <td>2017</td>\n",
       "      <td>IDF</td>\n",
       "      <td>3416144.0</td>\n",
       "      <td>9106742.0</td>\n",
       "      <td>0.375123</td>\n",
       "    </tr>\n",
       "    <tr>\n",
       "      <th>5</th>\n",
       "      <td>2017</td>\n",
       "      <td>PACA</td>\n",
       "      <td>1618219.0</td>\n",
       "      <td>9106742.0</td>\n",
       "      <td>0.177695</td>\n",
       "    </tr>\n",
       "    <tr>\n",
       "      <th>6</th>\n",
       "      <td>2018</td>\n",
       "      <td>HDF</td>\n",
       "      <td>4072977.0</td>\n",
       "      <td>9114649.0</td>\n",
       "      <td>0.446861</td>\n",
       "    </tr>\n",
       "    <tr>\n",
       "      <th>7</th>\n",
       "      <td>2018</td>\n",
       "      <td>IDF</td>\n",
       "      <td>3414182.0</td>\n",
       "      <td>9114649.0</td>\n",
       "      <td>0.374582</td>\n",
       "    </tr>\n",
       "    <tr>\n",
       "      <th>8</th>\n",
       "      <td>2018</td>\n",
       "      <td>PACA</td>\n",
       "      <td>1627490.0</td>\n",
       "      <td>9114649.0</td>\n",
       "      <td>0.178558</td>\n",
       "    </tr>\n",
       "    <tr>\n",
       "      <th>9</th>\n",
       "      <td>2019</td>\n",
       "      <td>HDF</td>\n",
       "      <td>4073624.0</td>\n",
       "      <td>9126901.0</td>\n",
       "      <td>0.446332</td>\n",
       "    </tr>\n",
       "    <tr>\n",
       "      <th>10</th>\n",
       "      <td>2019</td>\n",
       "      <td>IDF</td>\n",
       "      <td>3415097.0</td>\n",
       "      <td>9126901.0</td>\n",
       "      <td>0.374179</td>\n",
       "    </tr>\n",
       "    <tr>\n",
       "      <th>11</th>\n",
       "      <td>2019</td>\n",
       "      <td>PACA</td>\n",
       "      <td>1638180.0</td>\n",
       "      <td>9126901.0</td>\n",
       "      <td>0.179489</td>\n",
       "    </tr>\n",
       "    <tr>\n",
       "      <th>12</th>\n",
       "      <td>2020</td>\n",
       "      <td>HDF</td>\n",
       "      <td>4069913.0</td>\n",
       "      <td>9114753.0</td>\n",
       "      <td>0.446519</td>\n",
       "    </tr>\n",
       "    <tr>\n",
       "      <th>13</th>\n",
       "      <td>2020</td>\n",
       "      <td>IDF</td>\n",
       "      <td>3397710.0</td>\n",
       "      <td>9114753.0</td>\n",
       "      <td>0.372770</td>\n",
       "    </tr>\n",
       "    <tr>\n",
       "      <th>14</th>\n",
       "      <td>2020</td>\n",
       "      <td>PACA</td>\n",
       "      <td>1647130.0</td>\n",
       "      <td>9114753.0</td>\n",
       "      <td>0.180710</td>\n",
       "    </tr>\n",
       "    <tr>\n",
       "      <th>15</th>\n",
       "      <td>2021</td>\n",
       "      <td>HDF</td>\n",
       "      <td>4066673.0</td>\n",
       "      <td>9113121.0</td>\n",
       "      <td>0.446244</td>\n",
       "    </tr>\n",
       "    <tr>\n",
       "      <th>16</th>\n",
       "      <td>2021</td>\n",
       "      <td>IDF</td>\n",
       "      <td>3389621.0</td>\n",
       "      <td>9113121.0</td>\n",
       "      <td>0.371950</td>\n",
       "    </tr>\n",
       "    <tr>\n",
       "      <th>17</th>\n",
       "      <td>2021</td>\n",
       "      <td>PACA</td>\n",
       "      <td>1656827.0</td>\n",
       "      <td>9113121.0</td>\n",
       "      <td>0.181807</td>\n",
       "    </tr>\n",
       "  </tbody>\n",
       "</table>\n",
       "</div>"
      ],
      "text/plain": [
       "    year region  region_pop  total_population  region_ratio\n",
       "0   2016    HDF   4074448.0         9101533.0      0.447666\n",
       "1   2016    IDF   3412250.0         9101533.0      0.374909\n",
       "2   2016   PACA   1614835.0         9101533.0      0.177425\n",
       "3   2017    HDF   4072379.0         9106742.0      0.447183\n",
       "4   2017    IDF   3416144.0         9106742.0      0.375123\n",
       "5   2017   PACA   1618219.0         9106742.0      0.177695\n",
       "6   2018    HDF   4072977.0         9114649.0      0.446861\n",
       "7   2018    IDF   3414182.0         9114649.0      0.374582\n",
       "8   2018   PACA   1627490.0         9114649.0      0.178558\n",
       "9   2019    HDF   4073624.0         9126901.0      0.446332\n",
       "10  2019    IDF   3415097.0         9126901.0      0.374179\n",
       "11  2019   PACA   1638180.0         9126901.0      0.179489\n",
       "12  2020    HDF   4069913.0         9114753.0      0.446519\n",
       "13  2020    IDF   3397710.0         9114753.0      0.372770\n",
       "14  2020   PACA   1647130.0         9114753.0      0.180710\n",
       "15  2021    HDF   4066673.0         9113121.0      0.446244\n",
       "16  2021    IDF   3389621.0         9113121.0      0.371950\n",
       "17  2021   PACA   1656827.0         9113121.0      0.181807"
      ]
     },
     "execution_count": 50,
     "metadata": {},
     "output_type": "execute_result"
    }
   ],
   "source": [
    "query = \"\"\"\n",
    "SELECT \n",
    "    year,\n",
    "    region,\n",
    "    SUM(population) AS region_pop,\n",
    "    SUM(SUM(population)) OVER (PARTITION BY year) AS total_population,\n",
    "    region_pop / total_population AS region_ratio\n",
    "FROM \n",
    "    dpts_dfs\n",
    "GROUP BY \n",
    "    year, region\n",
    "ORDER BY\n",
    "    year, region\n",
    "\"\"\"\n",
    "duckdb.sql(query).df()"
   ]
  },
  {
   "cell_type": "code",
   "execution_count": null,
   "id": "f1e4733d",
   "metadata": {},
   "outputs": [],
   "source": []
  },
  {
   "cell_type": "code",
   "execution_count": null,
   "id": "e864976c",
   "metadata": {},
   "outputs": [],
   "source": []
  },
  {
   "cell_type": "code",
   "execution_count": null,
   "id": "621ed55b",
   "metadata": {},
   "outputs": [],
   "source": []
  },
  {
   "cell_type": "code",
   "execution_count": null,
   "id": "5580db49",
   "metadata": {},
   "outputs": [],
   "source": []
  },
  {
   "cell_type": "code",
   "execution_count": 13,
   "id": "28e5a6bd",
   "metadata": {},
   "outputs": [
    {
     "data": {
      "text/html": [
       "<div>\n",
       "<style scoped>\n",
       "    .dataframe tbody tr th:only-of-type {\n",
       "        vertical-align: middle;\n",
       "    }\n",
       "\n",
       "    .dataframe tbody tr th {\n",
       "        vertical-align: top;\n",
       "    }\n",
       "\n",
       "    .dataframe thead th {\n",
       "        text-align: right;\n",
       "    }\n",
       "</style>\n",
       "<table border=\"1\" class=\"dataframe\">\n",
       "  <thead>\n",
       "    <tr style=\"text-align: right;\">\n",
       "      <th></th>\n",
       "      <th>year</th>\n",
       "      <th>IDF</th>\n",
       "      <th>total_pop</th>\n",
       "      <th>(IDF / total_pop)</th>\n",
       "    </tr>\n",
       "  </thead>\n",
       "  <tbody>\n",
       "    <tr>\n",
       "      <th>0</th>\n",
       "      <td>2016</td>\n",
       "      <td>3412250.0</td>\n",
       "      <td>9101533.0</td>\n",
       "      <td>0.374909</td>\n",
       "    </tr>\n",
       "    <tr>\n",
       "      <th>1</th>\n",
       "      <td>2018</td>\n",
       "      <td>3414182.0</td>\n",
       "      <td>9114649.0</td>\n",
       "      <td>0.374582</td>\n",
       "    </tr>\n",
       "    <tr>\n",
       "      <th>2</th>\n",
       "      <td>2020</td>\n",
       "      <td>3397710.0</td>\n",
       "      <td>9114753.0</td>\n",
       "      <td>0.372770</td>\n",
       "    </tr>\n",
       "    <tr>\n",
       "      <th>3</th>\n",
       "      <td>2017</td>\n",
       "      <td>3416144.0</td>\n",
       "      <td>9106742.0</td>\n",
       "      <td>0.375123</td>\n",
       "    </tr>\n",
       "    <tr>\n",
       "      <th>4</th>\n",
       "      <td>2019</td>\n",
       "      <td>3415097.0</td>\n",
       "      <td>9126901.0</td>\n",
       "      <td>0.374179</td>\n",
       "    </tr>\n",
       "    <tr>\n",
       "      <th>5</th>\n",
       "      <td>2021</td>\n",
       "      <td>3389621.0</td>\n",
       "      <td>9113121.0</td>\n",
       "      <td>0.371950</td>\n",
       "    </tr>\n",
       "  </tbody>\n",
       "</table>\n",
       "</div>"
      ],
      "text/plain": [
       "   year        IDF  total_pop  (IDF / total_pop)\n",
       "0  2016  3412250.0  9101533.0           0.374909\n",
       "1  2018  3414182.0  9114649.0           0.374582\n",
       "2  2020  3397710.0  9114753.0           0.372770\n",
       "3  2017  3416144.0  9106742.0           0.375123\n",
       "4  2019  3415097.0  9126901.0           0.374179\n",
       "5  2021  3389621.0  9113121.0           0.371950"
      ]
     },
     "execution_count": 13,
     "metadata": {},
     "output_type": "execute_result"
    }
   ],
   "source": [
    "# %load solutions/6pop_casewhen.py\n",
    "query = \"\"\"\n",
    "SELECT \n",
    "year,\n",
    "SUM(\n",
    "    CASE \n",
    "    WHEN region = 'IDF' THEN population \n",
    "    END\n",
    ") AS 'IDF', \n",
    "SUM(population) AS total_pop,\n",
    "IDF / total_pop,\n",
    "FROM dpts_dfs\n",
    "GROUP BY \"year\"\n",
    "\"\"\"\n",
    "duckdb.sql(query).df()\n"
   ]
  },
  {
   "cell_type": "code",
   "execution_count": null,
   "id": "d662183a",
   "metadata": {},
   "outputs": [],
   "source": []
  },
  {
   "cell_type": "code",
   "execution_count": 37,
   "id": "89295b76",
   "metadata": {},
   "outputs": [
    {
     "data": {
      "text/html": [
       "<div>\n",
       "<style scoped>\n",
       "    .dataframe tbody tr th:only-of-type {\n",
       "        vertical-align: middle;\n",
       "    }\n",
       "\n",
       "    .dataframe tbody tr th {\n",
       "        vertical-align: top;\n",
       "    }\n",
       "\n",
       "    .dataframe thead th {\n",
       "        text-align: right;\n",
       "    }\n",
       "</style>\n",
       "<table border=\"1\" class=\"dataframe\">\n",
       "  <thead>\n",
       "    <tr style=\"text-align: right;\">\n",
       "      <th></th>\n",
       "      <th>year</th>\n",
       "      <th>region</th>\n",
       "      <th>population_region</th>\n",
       "      <th>total_populationyear</th>\n",
       "      <th>ratio</th>\n",
       "    </tr>\n",
       "  </thead>\n",
       "  <tbody>\n",
       "    <tr>\n",
       "      <th>0</th>\n",
       "      <td>2020</td>\n",
       "      <td>HDF</td>\n",
       "      <td>4069913.0</td>\n",
       "      <td>9114753.0</td>\n",
       "      <td>0.446519</td>\n",
       "    </tr>\n",
       "    <tr>\n",
       "      <th>1</th>\n",
       "      <td>2020</td>\n",
       "      <td>IDF</td>\n",
       "      <td>3397710.0</td>\n",
       "      <td>9114753.0</td>\n",
       "      <td>0.372770</td>\n",
       "    </tr>\n",
       "    <tr>\n",
       "      <th>2</th>\n",
       "      <td>2020</td>\n",
       "      <td>PACA</td>\n",
       "      <td>1647130.0</td>\n",
       "      <td>9114753.0</td>\n",
       "      <td>0.180710</td>\n",
       "    </tr>\n",
       "    <tr>\n",
       "      <th>3</th>\n",
       "      <td>2016</td>\n",
       "      <td>PACA</td>\n",
       "      <td>1614835.0</td>\n",
       "      <td>9101533.0</td>\n",
       "      <td>0.177425</td>\n",
       "    </tr>\n",
       "    <tr>\n",
       "      <th>4</th>\n",
       "      <td>2016</td>\n",
       "      <td>HDF</td>\n",
       "      <td>4074448.0</td>\n",
       "      <td>9101533.0</td>\n",
       "      <td>0.447666</td>\n",
       "    </tr>\n",
       "    <tr>\n",
       "      <th>5</th>\n",
       "      <td>2016</td>\n",
       "      <td>IDF</td>\n",
       "      <td>3412250.0</td>\n",
       "      <td>9101533.0</td>\n",
       "      <td>0.374909</td>\n",
       "    </tr>\n",
       "    <tr>\n",
       "      <th>6</th>\n",
       "      <td>2017</td>\n",
       "      <td>PACA</td>\n",
       "      <td>1618219.0</td>\n",
       "      <td>9106742.0</td>\n",
       "      <td>0.177695</td>\n",
       "    </tr>\n",
       "    <tr>\n",
       "      <th>7</th>\n",
       "      <td>2017</td>\n",
       "      <td>HDF</td>\n",
       "      <td>4072379.0</td>\n",
       "      <td>9106742.0</td>\n",
       "      <td>0.447183</td>\n",
       "    </tr>\n",
       "    <tr>\n",
       "      <th>8</th>\n",
       "      <td>2017</td>\n",
       "      <td>IDF</td>\n",
       "      <td>3416144.0</td>\n",
       "      <td>9106742.0</td>\n",
       "      <td>0.375123</td>\n",
       "    </tr>\n",
       "    <tr>\n",
       "      <th>9</th>\n",
       "      <td>2018</td>\n",
       "      <td>HDF</td>\n",
       "      <td>4072977.0</td>\n",
       "      <td>9114649.0</td>\n",
       "      <td>0.446861</td>\n",
       "    </tr>\n",
       "    <tr>\n",
       "      <th>10</th>\n",
       "      <td>2018</td>\n",
       "      <td>IDF</td>\n",
       "      <td>3414182.0</td>\n",
       "      <td>9114649.0</td>\n",
       "      <td>0.374582</td>\n",
       "    </tr>\n",
       "    <tr>\n",
       "      <th>11</th>\n",
       "      <td>2018</td>\n",
       "      <td>PACA</td>\n",
       "      <td>1627490.0</td>\n",
       "      <td>9114649.0</td>\n",
       "      <td>0.178558</td>\n",
       "    </tr>\n",
       "    <tr>\n",
       "      <th>12</th>\n",
       "      <td>2019</td>\n",
       "      <td>HDF</td>\n",
       "      <td>4073624.0</td>\n",
       "      <td>9126901.0</td>\n",
       "      <td>0.446332</td>\n",
       "    </tr>\n",
       "    <tr>\n",
       "      <th>13</th>\n",
       "      <td>2019</td>\n",
       "      <td>IDF</td>\n",
       "      <td>3415097.0</td>\n",
       "      <td>9126901.0</td>\n",
       "      <td>0.374179</td>\n",
       "    </tr>\n",
       "    <tr>\n",
       "      <th>14</th>\n",
       "      <td>2019</td>\n",
       "      <td>PACA</td>\n",
       "      <td>1638180.0</td>\n",
       "      <td>9126901.0</td>\n",
       "      <td>0.179489</td>\n",
       "    </tr>\n",
       "    <tr>\n",
       "      <th>15</th>\n",
       "      <td>2021</td>\n",
       "      <td>HDF</td>\n",
       "      <td>4066673.0</td>\n",
       "      <td>9113121.0</td>\n",
       "      <td>0.446244</td>\n",
       "    </tr>\n",
       "    <tr>\n",
       "      <th>16</th>\n",
       "      <td>2021</td>\n",
       "      <td>IDF</td>\n",
       "      <td>3389621.0</td>\n",
       "      <td>9113121.0</td>\n",
       "      <td>0.371950</td>\n",
       "    </tr>\n",
       "    <tr>\n",
       "      <th>17</th>\n",
       "      <td>2021</td>\n",
       "      <td>PACA</td>\n",
       "      <td>1656827.0</td>\n",
       "      <td>9113121.0</td>\n",
       "      <td>0.181807</td>\n",
       "    </tr>\n",
       "  </tbody>\n",
       "</table>\n",
       "</div>"
      ],
      "text/plain": [
       "    year region  population_region  total_populationyear     ratio\n",
       "0   2020    HDF          4069913.0             9114753.0  0.446519\n",
       "1   2020    IDF          3397710.0             9114753.0  0.372770\n",
       "2   2020   PACA          1647130.0             9114753.0  0.180710\n",
       "3   2016   PACA          1614835.0             9101533.0  0.177425\n",
       "4   2016    HDF          4074448.0             9101533.0  0.447666\n",
       "5   2016    IDF          3412250.0             9101533.0  0.374909\n",
       "6   2017   PACA          1618219.0             9106742.0  0.177695\n",
       "7   2017    HDF          4072379.0             9106742.0  0.447183\n",
       "8   2017    IDF          3416144.0             9106742.0  0.375123\n",
       "9   2018    HDF          4072977.0             9114649.0  0.446861\n",
       "10  2018    IDF          3414182.0             9114649.0  0.374582\n",
       "11  2018   PACA          1627490.0             9114649.0  0.178558\n",
       "12  2019    HDF          4073624.0             9126901.0  0.446332\n",
       "13  2019    IDF          3415097.0             9126901.0  0.374179\n",
       "14  2019   PACA          1638180.0             9126901.0  0.179489\n",
       "15  2021    HDF          4066673.0             9113121.0  0.446244\n",
       "16  2021    IDF          3389621.0             9113121.0  0.371950\n",
       "17  2021   PACA          1656827.0             9113121.0  0.181807"
      ]
     },
     "execution_count": 37,
     "metadata": {},
     "output_type": "execute_result"
    }
   ],
   "source": [
    "query = \"\"\"\n",
    "SELECT \n",
    "    year,\n",
    "    region,\n",
    "    SUM(population) AS population_region,\n",
    "    sum(sum(population)) OVER (PARTITION BY year) AS total_populationyear,\n",
    "    SUM(population) / SUM(SUM(population)) OVER (PARTITION BY year) AS ratio\n",
    "FROM \n",
    "    dpts_dfs\n",
    "GROUP BY year, region\n",
    "\n",
    "\"\"\"\n",
    "duckdb.sql(query).df()"
   ]
  },
  {
   "cell_type": "code",
   "execution_count": null,
   "id": "2282c650",
   "metadata": {},
   "outputs": [],
   "source": []
  },
  {
   "cell_type": "code",
   "execution_count": null,
   "id": "e9fc819b",
   "metadata": {},
   "outputs": [],
   "source": []
  },
  {
   "cell_type": "code",
   "execution_count": null,
   "id": "0a300258",
   "metadata": {},
   "outputs": [],
   "source": []
  },
  {
   "cell_type": "code",
   "execution_count": null,
   "id": "8cb44a52",
   "metadata": {},
   "outputs": [],
   "source": []
  }
 ],
 "metadata": {
  "kernelspec": {
   "display_name": "Python 3 (ipykernel)",
   "language": "python",
   "name": "python3"
  },
  "language_info": {
   "codemirror_mode": {
    "name": "ipython",
    "version": 3
   },
   "file_extension": ".py",
   "mimetype": "text/x-python",
   "name": "python",
   "nbconvert_exporter": "python",
   "pygments_lexer": "ipython3",
   "version": "3.9.13"
  }
 },
 "nbformat": 4,
 "nbformat_minor": 5
}
